team1,team2,matchday,draw,team1wins,team2wins
Italy,Wales,3,0.1405,0.76375,0.09575
Switzerland,Turkey,3,0.2435,0.50775,0.24875
Ukraine,Austria,3,0.26475,0.42725,0.308
North Macedonia,Netherlands,3,0.1045,0.05625,0.83925
Russia,Denmark,3,0.263,0.28225,0.45475
Finland,Belgium,3,0.0975,0.051,0.8515
Croatia,Scotland,3,0.20925,0.60025,0.1905
Czech,England,3,0.13975,0.09,0.77025
Sweden,Poland,3,0.2615,0.317,0.4215
Slovakia,Spain,3,0.16625,0.1155,0.71825
Portugal,Poland,3,0.22475,0.583,0.19225
Germany,Hungary,3,0.172,0.70225,0.12575
